baseMean log2FoldChange lfcSE stat pvalue padj
ABCA4 1211.97666051758 -2.3585158219499 0.373842950062074 -6.30884124351759 2.81132304620145e-10 2.31569720546372e-07
ABCB4 45.8334378863425 -0.686237665906815 0.173982840473101 -3.94428360889367 8.00388895887331e-05 0.00529781221563519
ABCC2 376.523196458792 -1.63595056580828 0.330091207580002 -4.95605616945063 7.19384271861916e-07 0.000145446420056446
ACSL6 93.6245422693483 -1.04925235878593 0.246004285726677 -4.26517918452732 1.99741833900036e-05 0.00197952517988438
ACTL8 37.0768621527406 -1.62245002268608 0.415955087597917 -3.90054135905754 9.59778270660015e-05 0.0061149112526334
ADAMTS18 90.3725735669082 -1.86469166260704 0.317430304870248 -5.87433409475271 4.24546406834176e-09 2.22979406350855e-06
ADAMTS6 92.1262053694314 -0.602530912913348 0.159262807690075 -3.78324934523238 0.000154794203349713 0.00846386655331974
ADAMTS8 356.935775105932 -2.12530547371992 0.354867453047267 -5.98901210992949 2.11119445582314e-09 1.26899904587856e-06
ADAMTS9-AS1 43.2445975434039 -1.13116611149939 0.299314557215864 -3.77918842979494 0.000157340330273714 0.00851061290474051
ADCYAP1R1 69.5446843055809 -1.07892268177326 0.264307421008871 -4.08207487196149 4.46354112179374e-05 0.00352018278541464
ADGRG2 131.635946763649 -1.26252411181503 0.238596450222205 -5.29146226039506 1.21342232251024e-07 3.37331405657846e-05
ADH1B 2668.57483404792 -2.6735856009355 0.395901589593821 -6.7531570249023 1.44662226106135e-11 3.47108828888502e-08
ADRA2A 278.235116903037 -0.883228002314089 0.230692217477579 -3.82859903975707 0.000128874768915309 0.00748348527591767
ADRB1 248.535899017754 -1.23978992234083 0.288923177201601 -4.2910711918267 1.77813293010724e-05 0.00185660452420587
AGER 8273.98352519271 -3.09076459353294 0.388834000205554 -7.94880229583583 1.88323315547474e-15 1.39610351259194e-11
AGRP 25.1300981763281 -1.71058050179414 0.335740542722668 -5.09494768764681 3.48837565685916e-07 8.25334836261146e-05
AIRE 11.0331682076852 -1.29506477583647 0.335929720832217 -3.85516581452851 0.000115651215226676 0.0069704147063449
ALDH8A1 55.3525896630535 -0.930844895486941 0.243738166002556 -3.8190362664712 0.000133974066914647 0.00768836137397062
ALX4 33.0355931449688 -1.90061593934868 0.38125633327065 -4.98513932357276 6.19171799117184e-07 0.000129909252946851
AMBP 27.2500590473767 -1.40501197317353 0.31871520403521 -4.40836193374167 1.04155384212126e-05 0.0012321360345094
ANK1 151.390822689876 -0.895691799594041 0.232692771085568 -3.84924634923304 0.0001184818030638 0.00706443780198102
ANKRD1 302.226053109233 -2.48199127829386 0.379631991231578 -6.53788757433731 6.23937962587034e-11 6.03320882084158e-08
ANKRD13D 2355.61864584179 0.383144340159372 0.0984325938991905 3.89245396247272 9.92353349159322e-05 0.00626986888787026
ANKRD20A8P 3.92739884056765 -1.74875703216484 0.457788002635089 -3.82001498968685 0.000133443564060591 0.00768836137397062
ANO4 35.456021296327 -1.05654560724352 0.281660306543875 -3.75113419497377 0.000176036444581455 0.00906261696178603
AOC1 208.714627134257 -1.20513286161496 0.280344218290164 -4.29876124774444 1.71755367632041e-05 0.00182767434264908
APOA1 21.4048639593388 -1.13322922537373 0.29937568398577 -3.78530817963023 0.0001535182120079 0.00846386655331974
APOA2 12.4309369514736 -2.21681348866317 0.473604746774464 -4.68072481063802 2.85862446164903e-06 0.000428443786481629
APOH 52.9843705600896 -2.32895927029628 0.465205031887825 -5.0063071348245 5.54842008379154e-07 0.000120977316336788
ARF5 8980.56431912285 0.334631647347444 0.0890996360839428 3.7557016173689 0.000172856539549792 0.00898207812987702
ARRDC5 15.3251438132744 -0.76448524922115 0.202169554452501 -3.78140641053231 0.000155944848710418 0.00846386655331974
ART4 60.8760687115726 -1.16963757906933 0.313792749474536 -3.72742066548048 0.000193449425847953 0.00962623949905404
ARX 31.4752140689668 -1.34810833936798 0.340499929433316 -3.95920299194068 7.52003005044085e-05 0.00505273318192763
ASCL4 16.419704167511 -2.26684353284899 0.466190214179725 -4.86248630687704 1.15920400330502e-06 0.000213063611847138
ASIP 9.61218646162304 0.848492096727008 0.188641654699484 4.49790423053011 6.86265958942921e-06 0.000892139515541433
ASTN1 90.9207489069398 -1.6481008308314 0.372663505260234 -4.42249055130988 9.75696175403666e-06 0.00117931972505313
ASXL3 58.4634932072439 -1.28308448783741 0.278761598124171 -4.60280216669543 4.16844147998855e-06 0.000583057474936763
ATG5 2790.15494260809 0.332481826393084 0.0842710810955607 3.94538460965108 7.96719924944677e-05 0.00528926899425958
ATP2B3 10.8395730293032 -1.50950999278006 0.362931941458743 -4.15920953860616 3.19350838528929e-05 0.00273167794187822
ATP5MF 6262.4883892581 0.469825459531833 0.116317962041995 4.03914796377028 5.36457174466309e-05 0.00403067822977389
AXIN2 679.427304786214 -0.741930495385571 0.192377247445357 -3.85664367921841 0.000114954540916515 0.00695072123757689
B3GNT6 32.4187462226629 -1.44173110619891 0.383840783276833 -3.75606545477244 0.00017260556776926 0.00898207812987702
BARHL2 1.70051436149901 -2.44057731482138 0.648329954733398 -3.76440622094189 0.000166945305018001 0.00882668988105536
BEND4 51.6900855275278 -1.24018038496201 0.317173723338535 -3.91009813772721 9.22586303733836e-05 0.00598201731633834
BEX1 126.721748849899 -1.58738563694487 0.365701313243662 -4.34066157122936 1.42054370005723e-05 0.00158758250699863
BHMT2 84.6399428489386 -1.44620943999934 0.26269231072181 -5.50533601849834 3.6846479364044e-08 1.30073920802594e-05
BLK 136.916927252424 -1.12349927861933 0.269524910008997 -4.16844320097101 3.06687161771261e-05 0.002692110222565
BMP4 517.261501282131 -0.835278240364522 0.222797411678321 -3.74904822310284 0.000177506954359519 0.0091172163162949
BMPER 222.959619565464 -1.44213596643309 0.280536770312982 -5.14063081578992 2.73817604801225e-07 6.84236351772948e-05
BNC2 492.379741401159 -0.853651930089601 0.202720362860734 -4.21098264645494 2.54262279757637e-05 0.00236602221833048
BPIFB2 81.6438615082581 -2.07026740476497 0.548002174029285 -3.77784524018026 0.000158191126427184 0.00851061290474051
BRINP2 11.8567007885672 -2.47712018650091 0.449881304853785 -5.50616386983672 3.66737177978489e-08 1.30073920802594e-05
BRINP3 33.4419184261763 -1.28066171748725 0.318341601286386 -4.02291661633989 5.74818513059829e-05 0.00424716403005003
C12orf77 3.28991429806388 -1.98586982472156 0.50262664686609 -3.95098397011696 7.78305379382749e-05 0.00519805154278449
C8B 64.490243743423 -2.15448331782159 0.473043198177234 -4.55451706339593 5.25060629322996e-06 0.000707718084614754
CA10 12.0969221852744 -1.68850374887839 0.446544682156592 -3.78126493573665 0.000156033511099869 0.00846386655331974
CA4 223.254058448386 -2.00376670374633 0.398512991888784 -5.0281088559982 4.95340672634356e-07 0.000112412005708042
CACNA1E 43.1481858583435 -0.949198125231722 0.245092602516734 -3.87281425667229 0.000107585819953397 0.00664641287712097
CACNA2D2 1856.24227250876 -1.69418529887146 0.324214435959694 -5.22550852449419 1.73677118633678e-07 4.54421072754471e-05
CACNG5 2.48796603653007 -2.08334583865862 0.491467709168511 -4.23902893271121 2.24488727906755e-05 0.00216131138902434
CACNG8 22.780825017948 -1.36089652563304 0.290797270154404 -4.6798806773889 2.87041925295696e-06 0.000428443786481629
CALCA 36.3995978432035 -1.80984248450666 0.45366469536618 -3.98938357556306 6.62452239197865e-05 0.00463299930810079
CALCB 29.9956038374967 -1.64833709037668 0.344152043630046 -4.78956066333459 1.6714686297183e-06 0.000288166374611899
CALN1 84.2305857732533 -3.56599061353497 0.45907874461253 -7.76771012682089 7.9917693484719e-15 4.44342375775037e-11
CAPN6 184.407900618025 -1.54733267420657 0.324637726867016 -4.76633658428865 1.87605757310432e-06 0.000309063114265482
CASP12 13.4150293021295 -1.17272253221336 0.28877289011045 -4.06105480249486 4.88515015972095e-05 0.00374481024577612
CCBE1 362.444110524455 -1.47458199001576 0.293806917884801 -5.0188811095113 5.19733012357112e-07 0.000115588621948222
CCL19 1098.79298830964 -1.17976706828718 0.262880815978258 -4.48784010311636 7.1948895494901e-06 0.000919622664256666
CCN4 1009.77254048265 -0.757366179767597 0.200829933032252 -3.771181757283 0.000162476272597153 0.00864467058028874
CCNB3 51.8503634353432 -0.928579011189297 0.233328731459846 -3.97970282262087 6.90014694689713e-05 0.00476581577947181
CCR7 372.964529404592 -0.98625774727921 0.216414697383919 -4.55725862984985 5.18255934973769e-06 0.000702805609379062
CD300LG 59.2682428086891 -2.70201912484131 0.437390163462167 -6.17759462959444 6.5085565725523e-10 4.42652824425761e-07
CD5L 21.1596016772304 -1.7301060233227 0.424258447600458 -4.07795303336426 4.54339413316057e-05 0.0035454415972453
CDH12 69.8412828742133 -3.55600609421863 0.459784614277717 -7.73406935289651 1.04162242416766e-14 4.63313654269776e-11
CDH18 25.8857180706212 -2.54057430962059 0.532976043516968 -4.76677017761626 1.8720264073975e-06 0.000309063114265482
CDH2 486.314764966947 -1.92185287126386 0.294904214182739 -6.51687150890617 7.17888689359218e-11 6.65243518806208e-08
CDH7 14.429342632441 -1.91541310151276 0.478855158276331 -3.99998427166872 6.33466936509238e-05 0.00447707706372894
CHIAP2 41.303657764277 -2.64582107048933 0.633877678619704 -4.17402467342078 2.99265324419993e-05 0.00264843260904469
CHRD 396.797848405159 -0.807644176736967 0.201184604785292 -4.014443240321 5.95862801119101e-05 0.00434194223398486
CHRM1 34.3742318124248 -1.54331505122247 0.376828094365073 -4.09554137364106 4.21182997424985e-05 0.00335533913025187
CHRM2 15.6937748737408 -1.53078344527222 0.411600756716787 -3.71909774287787 0.000199935678548744 0.00985935585570747
CHRNA4 18.7803356176978 -1.45331551727473 0.387947195421807 -3.74616838174219 0.000179556093245673 0.00916893172829818
CHRNA6 37.0821321278393 -2.22514093899711 0.356689540659953 -6.23831283328386 4.42315427563613e-10 3.27903170300491e-07
CHST8 33.7283365996998 -1.18454400527727 0.310043391362783 -3.82057492040276 0.000133140952384457 0.00768836137397062
CIDEC 3.19309108763632 -1.33020162343804 0.352970429452247 -3.76859224582154 0.000164170815191421 0.00871398312615084
CIDECP1 383.296250224774 0.283509923069403 0.0690268658570376 4.10724026868877 4.00414645116579e-05 0.00323826243905189
CLDN11 614.673575158148 -1.38464478361199 0.289415357445871 -4.78428234020359 1.71599334218713e-06 0.000293566861001859
CLDN18 4469.90654308509 -3.46916637772554 0.435359964187919 -7.96850115558193 1.60610366368225e-15 1.39610351259194e-11
CLDN19 34.6887962649727 -1.83518275541444 0.475175475189057 -3.86211589452144 0.000112409215214031 0.00686046368015027
CLDN6 37.9356478899821 -1.50387341466135 0.360146829502944 -4.17572304256272 2.97041043700527e-05 0.00264843260904469
CLEC3B 641.414149671982 -1.77713250455538 0.302984898440109 -5.86541611052165 4.48007732043649e-09 2.26447544560244e-06
CLEC4M 11.2496432862463 -2.10692334197891 0.385393710656138 -5.4669375335468 4.57877320063803e-08 1.56664486126446e-05
CLIC5 2172.20061456235 -2.56611756299737 0.350337738885714 -7.32469636630976 2.39440218838e-13 8.87525077826187e-10
CLTA 7957.69204399125 0.40357456391881 0.107564164159822 3.75194254583867 0.000175469682042766 0.00906261696178603
CNR2 37.2838535105553 -1.07505605165918 0.271011832612075 -3.96682329807354 7.28369520345746e-05 0.00496709879778599
CNTN6 94.1443578785397 -2.70469313629567 0.412163531356221 -6.56218449845841 5.30251493945465e-11 5.36036055697597e-08
COL14A1 2567.87685005292 -1.04615094122443 0.24464805988116 -4.27614648459753 1.90156128060822e-05 0.0019391781859807
CPB2 125.807790289414 -2.30274252771607 0.413157661718469 -5.57352008949356 2.49642849717216e-08 9.57251203053602e-06
CR2 359.019255153859 -1.24424930160771 0.32718228639417 -3.80292379309531 0.000142998354190042 0.00807178527204701
CRB2 26.3174848833141 -1.05338599275831 0.261389758062379 -4.02994363882813 5.5790228157758e-05 0.00414974807434293
CRNN 90.9015274909678 -2.13834190534067 0.568322822150575 -3.76254801320318 0.000168191005810026 0.00884295028183211
CYP3A4 5.79720558760523 -1.18218401728846 0.303516388595917 -3.89495942132583 9.82151706885324e-05 0.00622309229661812
CYP4B1 3581.04308463055 -1.63891086607202 0.381423074346338 -4.29683198605826 1.73256412182032e-05 0.00182982212470668
DAB1 84.6129999857118 -1.64118457672799 0.30583017969708 -5.36632643107217 8.03564545444313e-08 2.48212159592799e-05
DCHS2 117.514760917123 -1.16999744366892 0.286702902319044 -4.0808705953278 4.48673305017407e-05 0.00352596971858203
DCUN1D5 2282.17388911872 0.521379234786301 0.116644450491216 4.46981603145845 7.8286904928601e-06 0.00097814649753488
DEFA5 43.7487007947745 -7.30199224723401 1.66423063238592 -4.38760836697588 1.1460389644962e-05 0.00134146876686293
DERA 3208.69991361439 0.445294476100603 0.112495421390566 3.95833422015116 7.5474298400447e-05 0.00505586866393356
DLK1 140.160069573599 -2.82255055319453 0.675489542366794 -4.17852590775102 2.93404578400243e-05 0.00264843260904469
DMRT1 46.9969048778651 -1.60703500473064 0.363992306854889 -4.41502464328541 1.00998484085606e-05 0.00120763778820638
DNER 241.240816057842 -1.34438080237478 0.288408386069832 -4.66137902817176 3.14097666692698e-06 0.000462618020347391
DPYS 19.7643017595614 -1.20029345752458 0.271062577502718 -4.42810464130757 9.50647808863199e-06 0.00115532280159112
DPYSL5 52.4194599145233 -1.86715986039697 0.444574310729789 -4.1998824838348 2.67053549777473e-05 0.00246442777885934
DRGX 16.058020665578 -1.38459685917776 0.372053878495474 -3.72149556611759 0.000198046343868415 0.00980968972746891
DUSP23 1867.15648623715 0.443705036473582 0.117291252950683 3.78293372533199 0.000154990693409195 0.00846386655331974
DYNLT1 4554.16029695936 0.38652986684383 0.0985512700173268 3.92211959090808 8.77734049871169e-05 0.00577510400818866
EBF1 273.626744226395 -0.627455557845821 0.162072655024541 -3.87144615944505 0.000108191556416287 0.00666531915428873
ECEL1P2 50.1713055005597 -2.35740487618566 0.44220025676412 -5.33107984476625 9.7630478657118e-08 2.81987252640819e-05
EDN3 31.0095538537182 -2.90681497769047 0.560913108950026 -5.18229103814624 2.19176857170271e-07 5.60286586605383e-05
EDNRB 1243.99299451374 -1.28284837796815 0.284291043039559 -4.51244739986283 6.4083830588103e-06 0.000848347852547268
EEF1A2 1199.1987254897 -1.9145962547513 0.369669564371592 -5.17920986545364 2.22827678170219e-07 5.631463139211e-05
ELOVL2 260.927283443171 -0.974900258466153 0.252452552004056 -3.86171678886609 0.000112593041513258 0.00686046368015027
EMX2 16.95765565477 -1.87771346246737 0.457427620081032 -4.10494115360752 4.04417814326819e-05 0.00325694066858874
ENPP1 267.098712278251 -0.928719367486093 0.212515217861841 -4.37013112204447 1.24171951415671e-05 0.00141619702537668
ENPP3 69.2643887679185 -0.957579170842759 0.256044472950202 -3.73989393252397 0.000184097922513505 0.00932650978747235
ENPP6 61.0720212484571 -1.19792633200026 0.31162833673154 -3.84408665965524 0.000121002244478588 0.00715715403511646
EPHA3 274.397748425718 -0.858681495831305 0.228362439759589 -3.76016956525465 0.000169798224570521 0.00888573915945549
EPHA8 18.9917119980983 -1.43948744025727 0.381071267417818 -3.77747566750807 0.000158425977633209 0.00851061290474051
ERMN 70.8805033736444 -0.84387830226133 0.197729724903315 -4.267837335403 1.97377163989716e-05 0.00197732798519427
ESRRB 31.3562425829668 -1.56086893855896 0.315174491433557 -4.95239615192021 7.3305178698393e-07 0.000145563140558238
F11 53.4725400763566 -2.17219585600827 0.427713182871537 -5.07862732082467 3.80171620695644e-07 8.9000177308117e-05
F2 7.98925017210062 -2.53060461081431 0.519430253122902 -4.8718852927797 1.1053834343639e-06 0.00020486439650211
FABP4 1129.59804838005 -2.36391851680029 0.387159765164523 -6.10579592586473 1.02289638486107e-09 6.69094576450299e-07
FAM107A 1272.76965368711 -2.28468916333288 0.340382884542822 -6.71211528864477 1.91823035328562e-11 3.47108828888502e-08
FAM153B 60.4699203334469 -1.5730510388453 0.324357877070876 -4.84973897674627 1.23624047323084e-06 0.000221808161878974
FAM163A 9.89561005885173 -1.56654422375334 0.336556147829152 -4.65462964755757 3.24563562271466e-06 0.000474887738481408
FAM210A 1206.61236387774 0.393011497909673 0.0986271661943968 3.98481993424648 6.7531315055487e-05 0.00467880513032408
FAM86C2P 296.23316632863 0.416939824317899 0.110405842213063 3.77642900013646 0.000159092881914705 0.00852584504526035
FBN1 6414.13507315507 -0.772392167146592 0.192298934682479 -4.0166221847352 5.90382603980533e-05 0.00433336934406834
FBXW12 13.9103885242962 0.842001057847008 0.215649016695703 3.90449755231268 9.44213477549867e-05 0.00606877213737639
FCER2 46.1664528847407 -1.24653056689625 0.302448957442775 -4.12145764176456 3.76482700226278e-05 0.00310110194556756
FCN3 1244.72046594469 -2.1183518638432 0.337832448320766 -6.27042154882607 3.60071933463269e-10 2.76137924145624e-07
FCRL1 64.5613981786531 -1.12127783420043 0.290706006994145 -3.85708518992872 0.000114747179201393 0.00695072123757689
FCRL3 168.312734551157 -0.934831037114838 0.244084745681186 -3.82994453219899 0.000128172146878231 0.00746216897008342
FDCSP 1593.74382380632 -2.46178239986201 0.45509727372881 -5.40935431164321 6.3252381696311e-08 2.01044325876632e-05
FER1L6-AS2 6.78461200676049 -2.60173253351848 0.605710442959172 -4.29534039533448 1.74425490304773e-05 0.00182982212470668
FGB 95.1985714558649 -3.31138244914778 0.588525577925852 -5.62657354811685 1.83824429061452e-08 7.43319145877579e-06
FGF16 2.70724700144923 -1.91303495042863 0.461220647683508 -4.14776519662964 3.35736464831911e-05 0.00282832537040216
FGF4 6.29606664075795 -4.41163855563067 0.950644100848143 -4.64068367088662 3.47258363859263e-06 0.000498259742724517
FGF5 14.3919280688246 -1.49337447155935 0.391064044723017 -3.81874654985752 0.000134131484402005 0.00768836137397062
FHL1 3007.41640530745 -1.25311620308677 0.268614771667784 -4.66510533023327 3.08458994328288e-06 0.000457341868924074
FMO3 1763.78703886539 -1.49236738411499 0.296657511216751 -5.03060710647101 4.8892915920528e-07 0.000112100871141499
FREM3 14.1002382543908 -1.66944124452533 0.390585705031338 -4.27419954960048 1.91825180267875e-05 0.0019391781859807
FRMD1 10.3702964983636 -1.75709331751103 0.413863277781674 -4.24558884984706 2.18020092974695e-05 0.00210815950772053
FRMPD1 22.2178668468478 -1.30698996479965 0.304016233530592 -4.2990795248706 1.71508928922826e-05 0.00182767434264908
FRMPD4 29.8578988548681 -1.57283305513171 0.379765386777148 -4.14159138746014 3.44904396050625e-05 0.00288371194291951
FTHL17 19.4297036225898 -4.27620926952615 0.979423038125886 -4.36604929950252 1.26513937015134e-05 0.00142825886254649
FYN 2177.86905258757 -0.497409083848931 0.132190121911726 -3.76283096388315 0.000168000759332167 0.00884295028183211
GABRA5 97.0183722080568 -2.04552451475696 0.538982868528469 -3.79515683001512 0.000147550156568545 0.00828665525778901
GALNT9 15.9535719667436 -1.09084720255977 0.276280413951708 -3.94833345931807 7.86971347872941e-05 0.00524019244811204
GBX1 2.72508121474651 -2.0416555548523 0.496114373323805 -4.1152920871328 3.86689423373285e-05 0.00315017317795673
GDF10 187.579863633344 -2.47878315634971 0.367962399595334 -6.73651209763754 1.62233791790933e-11 3.47108828888502e-08
GFAP 20.2211296498483 -1.17136328676896 0.293030792370025 -3.99740681617451 6.40401879350848e-05 0.0045066503367673
GFRA1 294.886701856562 -1.21599661893923 0.285064989092711 -4.26568209168524 1.99292392484618e-05 0.00197952517988438
GGTLC1 211.476790459324 -2.63544623529005 0.466175808069061 -5.6533311889484 1.57367663624443e-08 6.60350346982567e-06
GKN2 290.091716167263 -2.77766648761742 0.476004540711237 -5.83537813203858 5.36687120540329e-09 2.63067909332278e-06
GMNC 36.3561744058335 -2.2898870525311 0.475099482303853 -4.81980540460068 1.43698317073241e-06 0.000255668045736711
GPA33 91.2173706955024 -1.87290003096613 0.355983879466895 -5.26119338260737 1.43123405086207e-07 3.87685190211022e-05
GPD1 362.230182429879 -1.95347892915336 0.335803770379198 -5.8173227982147 5.97975982615348e-09 2.82957145816284e-06
GPIHBP1 301.395357803338 -2.27400870155795 0.344542666543534 -6.60007866187052 4.10939680816316e-11 4.81015710597625e-08
GPM6A 268.504400048298 -3.35089905439279 0.396259067446125 -8.45633407454676 2.75914404495106e-17 6.13633635597116e-13
GPR12 3.17014563093822 -1.79664578956294 0.479630377717539 -3.74589657584409 0.000179750639997212 0.00916893172829818
GRIA1 139.153652210108 -2.55865975730426 0.380135196629981 -6.73092041986006 1.68593162328892e-11 3.47108828888502e-08
GRIN2B 9.19752233163218 -1.80875746316621 0.332421232164507 -5.44116105757981 5.29344292038006e-08 1.73126721395959e-05
GSG1L 10.7617062873616 -1.45786850871649 0.344915361848815 -4.22674276060661 2.3709845533952e-05 0.00223435154523345
GUK1 10327.2153748673 0.344760638562253 0.0892331311800262 3.86359454165857 0.00011173062133737 0.00684542429350721
H19 4802.51849477341 -1.68827957734445 0.362871235615372 -4.6525582951798 3.27842013407923e-06 0.000476549436483151
HBA1 9.72388677985861 -1.68182458115129 0.398637148339947 -4.21893591240792 2.45458025884591e-05 0.00229369180490475
HBA2 573.329842820581 -1.41082558912277 0.321961573665644 -4.38196885752556 1.17611623527784e-05 0.00135527591049633
HCG22 6.96862917323876 -1.60573843111415 0.351440033536592 -4.5690253752692 4.89997461343193e-06 0.000672687872856335
HCN1 4.79683305063966 -1.79260724712007 0.45753152177913 -3.91799725655937 8.92877222240459e-05 0.00584046747724348
HEPACAM2 48.3159337535501 -1.56306667378401 0.398186319917532 -3.92546553108037 8.65621653448664e-05 0.00571258919071166
HHIPL2 80.4563079994895 -1.26718744883759 0.339519869928125 -3.73229245494777 0.000189745019440538 0.0095266582222591
HMGCS2 61.7213136544848 -3.0273697921775 0.476395635476823 -6.35473872288401 2.08781179880893e-10 1.78588209251964e-07
HPSE2 64.0019453140863 -1.50579189471519 0.300600926096915 -5.00927230753013 5.46362229624549e-07 0.000120307881057921
HRH4 6.84112207178709 -0.843083019730751 0.222834442537164 -3.78345021591598 0.000154669272859608 0.00846386655331974
HSD17B13 89.9621012585556 -1.39161386321247 0.324431509229909 -4.2893918242272 1.79163050801603e-05 0.00186195619150825
HSD17B6 617.993958418934 -1.18203538047137 0.255864028756227 -4.61977944386056 3.84148178134333e-06 0.000540725030487821
HSPC324 18.3439715494427 -1.2949508615556 0.32121040195036 -4.03147237353704 5.54285128064913e-05 0.00413667827119586
HTR3A 89.3593071476593 -1.72012750917317 0.346444141894406 -4.96509336185413 6.86680281929991e-07 0.000142726817477785
HTR3C 15.7303499752668 -2.49883823040611 0.458394010921612 -5.45128900218861 5.00060281528164e-08 1.65990159122185e-05
IGFBP1 10.5694421567819 -1.82694641337125 0.363554588367892 -5.02523272109692 5.02822412041659e-07 0.000112957277210167
IHH 29.7913872651496 -1.59877392542704 0.383938456355213 -4.16414115065329 3.1252673731769e-05 0.00270879200722205
IL13RA2 98.2912232508918 -1.06525544451802 0.286561770724719 -3.71736760916843 0.000201309418763426 0.00990513600287301
IL17REL 40.8768546894293 -1.26077789327095 0.318002956492895 -3.9646734960438 7.34964755484586e-05 0.00496827238965872
IL1RL1 359.524355692184 -1.67155372731349 0.309015889909372 -5.40928082307908 6.32783399791559e-08 2.01044325876632e-05
IL23R 6.01234105787427 -0.881575283865113 0.22234704060631 -3.96486178300901 7.34384873253479e-05 0.00496827238965872
ILDR2 112.668547110118 -1.25939609198046 0.256725299447482 -4.90561738438284 9.31339208977121e-07 0.000175533762776705
INMT 1635.43095578079 -2.1796681005326 0.325666550415229 -6.69294435597851 2.18724327001888e-11 3.47459216608713e-08
IRS4 41.5422968683636 -1.97557148493509 0.492782335970023 -4.00901440804744 6.09726967250572e-05 0.00437257334575912
ITGA4 966.465992201872 -0.603409710810944 0.160474427130203 -3.76016117709122 0.000169803918289954 0.00888573915945549
ITLN1 56.7665772074863 -1.61923418860729 0.359414906572817 -4.50519485696188 6.6312065049233e-06 0.000867517839232319
ITLN2 194.997845997143 -2.10843592350061 0.371397962667 -5.67702608910393 1.37056576183741e-08 5.86180433524307e-06
JPH4 84.2480506452895 -1.02413055385944 0.254211867198688 -4.02864966590641 5.60981425452511e-05 0.00415874230068795
KCNA2 19.4230046684149 -1.27639946635878 0.301768544105407 -4.22973000762111 2.33971949401654e-05 0.00221427070412459
KCNJ3 9.67864788536833 -1.93970353483713 0.433950002746855 -4.46987791809891 7.82642565703667e-06 0.00097814649753488
KCNQ2 19.5973400124754 -1.56325241079953 0.389767534690643 -4.0107301703316 6.05312573787977e-05 0.00435668337897884
KCTD6 289.186586173234 0.319214824512156 0.0857962134960777 3.72061669745774 0.000198736881477885 0.00982201832015147
KEL 63.3495466364254 -1.31154958536707 0.266692261016038 -4.91783893679687 8.75048621055618e-07 0.000166334028481
KIAA0408 10.8480730231892 -1.733692428983 0.406768879218679 -4.26210685614169 2.02508562410867e-05 0.00198404864670382
KIAA1841 991.125780897453 0.40000314577038 0.104432589479946 3.8302521058064 0.000128012038356537 0.00746216897008342
KIF5C 142.655758152183 -1.41211739680735 0.23657493992031 -5.96900668043293 2.38702339835819e-09 1.39703685209174e-06
KIR3DL1 9.17429720267037 -1.46822833944617 0.349788737262821 -4.19747173947167 2.69911326252855e-05 0.00248050739498492
KLHL14 38.6726909007175 -1.74531910878753 0.305793524208252 -5.70750840230002 1.1464196329646e-08 4.99928875237895e-06
KLHL6-AS1 2.28335600979141 -1.56971516242707 0.383338507426517 -4.09485384853483 4.22434782585667e-05 0.00335533913025187
KLK15 1.78280165358188 -1.99058678848627 0.518403848442451 -3.83983798435719 0.00012311553088445 0.00722451030836457
KRBOX1 36.0252730061655 -1.55699208131403 0.324350749265896 -4.80033446766495 1.5840085770447e-06 0.000275221490261516
KRT20 35.8959335804445 -1.69484823367487 0.440545596494711 -3.84715735932957 0.000119496224392965 0.00708692274799875
KRT24 129.963350081919 -2.74674885114025 0.497770474935849 -5.5181032010672 3.42678185032817e-08 1.24937095657866e-05
KRTAP17-1 2.26167890009906 -2.73798468135568 0.659088242402159 -4.15420046240945 3.26426913086454e-05 0.00277089104848959
LBP 52.2863779162915 -1.73392224496031 0.347360344075993 -4.99171040831585 5.98469396152684e-07 0.000127980378561882
LCT 12.5282641719766 -1.47253012825429 0.320390767758738 -4.59604419489123 4.30587407459353e-06 0.000598516496368501
LILRA4 53.1683205990506 -0.984318178793367 0.228299625857628 -4.31151901846394 1.62136825586625e-05 0.0017589868297788
LINC00051 5.25294195458991 -1.94025875659587 0.519888722522876 -3.73206548351412 0.000189916112598492 0.0095266582222591
LINC00261 217.61732707247 -2.09113623403297 0.396524655320856 -5.27366005107775 1.33729520998613e-07 3.67178339136933e-05
LINC00494 30.436564124224 -1.06799916642822 0.28061404668745 -3.80593622819518 0.000141268782287063 0.00799444711975646
LINC01010 126.619112947992 -1.31193490715794 0.298728254588717 -4.39173358062225 1.12450440100413e-05 0.00132322634276889
LINC01018 137.67941132225 -1.15930802823438 0.272975421021837 -4.24693191751371 2.16717778590289e-05 0.00210471764010831
LINC01088 68.7611896699445 -1.1583563707795 0.288378449442456 -4.01679242335564 5.89956458259087e-05 0.00433336934406834
LINC01215 57.8917941008302 -0.939388741709209 0.252910709984532 -3.71430985175227 0.000203759011932163 0.00998149873429801
LINC01287 60.2979683503559 -2.73642473849324 0.495483904948898 -5.52273184085659 3.33768945838845e-08 1.24937095657866e-05
LINC01503 824.983445891627 0.751125626130441 0.15615868250832 4.81001513374333 1.50918868879001e-06 0.00026568209556173
LINC01606 15.0586918585244 -2.33138338939558 0.550345269329147 -4.23621955038782 2.27314522607692e-05 0.00217908404430822
LINC01989 3.76545298941392 -2.2148204872063 0.524811168783776 -4.22022361364572 2.44060110473818e-05 0.00229025183837034
LINC01996 18.3420625667451 -2.49529005807191 0.503166545911655 -4.95917321679416 7.07938238746479e-07 0.00014444538008919
LINC02055 19.5289613097874 -2.14799677166046 0.537444745391938 -3.99668391974696 6.42359782713685e-05 0.0045066503367673
LINC02418 7.32217054419613 -4.0779163201079 0.738980116415709 -5.51830317152119 3.42288557682496e-08 1.24937095657866e-05
LINC02432 58.8699255214909 -1.54756674035607 0.376326327320469 -4.11229995885515 3.91736862608849e-05 0.00317964519139445
LINC02582 37.2877000579184 -3.20495549594911 0.624984397309173 -5.12805681189455 2.92748108501873e-07 7.23413103675739e-05
LINC02724 13.3747778731489 -0.750301399555752 0.198076002582894 -3.7879469989897 0.000151897241334155 0.00842914008854546
LINGO1 405.942950445909 -1.14210582489031 0.246265156649091 -4.63770774733563 3.52294442337449e-06 0.000502245410101593
LIX1 17.2569711905114 -2.00192051029299 0.391940109638848 -5.10772044264021 3.26068586132168e-07 7.88235364736892e-05
LOC100128317 5.3310265755623 -2.23539187183768 0.590944070594147 -3.7827469350698 0.000155107090769658 0.00846386655331974
LOC100507377 16.7789444622452 -1.93921170145166 0.484689256787812 -4.00093807381542 6.30918689263256e-05 0.00447707706372894
LOC101926892 10.3796510916748 -1.65846718874534 0.402614680221772 -4.11924172221393 3.80121227489051e-05 0.00311951885585111
LOC101929698 2.7061978045987 -1.25555095627704 0.304901179634266 -4.11789471520936 3.82349291913746e-05 0.00312626773976533
LOC105375304 28.5794812035445 -1.17530890458398 0.279337149691927 -4.20749229338166 2.58220206603734e-05 0.0023928405811946
LOC105376453 17.6650147249823 -1.86427462333778 0.419028540693615 -4.44903972472104 8.62550634310511e-06 0.00105984122138485
LOC442028 4.6133043644258 -2.00514010838789 0.480071337504321 -4.17675447739023 2.95697896486644e-05 0.00264843260904469
LRMP 928.922939921517 -1.02868427323939 0.236041644719335 -4.35806263959287 1.31218831891142e-05 0.00147389233396919
LRRC36 143.714980316225 -1.60573369105937 0.301743229049828 -5.32152352222032 1.02901802410845e-07 2.93402062258616e-05
LRRN4 257.83796000017 -1.79309891974808 0.337909919265403 -5.30644061484248 1.11786556714439e-07 3.14700382446726e-05
LYVE1 590.1510797598 -1.28864697319057 0.271147251114045 -4.75257251510384 2.00844700559182e-06 0.000326042783973446
MAB21L1 9.88366305490265 -1.52120358513185 0.366016294338103 -4.15610891827307 3.23713544987587e-05 0.00275838668219308
MAEA 3212.44444648681 0.290696346157465 0.0754346600818221 3.8536177645946 0.000116385244263021 0.00699569684435021
MAEL 40.6792876868614 -2.31126976295256 0.399102578229155 -5.79116720620503 6.98989462718912e-09 3.17255625527931e-06
MAGEB17 28.6277785024768 -1.97115628930518 0.419280624275692 -4.70128161231002 2.5853366953331e-06 0.000399290889612556
MAGEC2 145.627447626857 -2.91936177417758 0.679629766419677 -4.29551782223566 1.74286033888033e-05 0.00182982212470668
MAMDC2 621.490551662395 -1.57154034251142 0.316741027339264 -4.96159387911605 6.99170633679749e-07 0.000143977360120719
MANBAL 3767.3749310313 0.310172356653596 0.0773108433569351 4.01201620866515 6.02023654390166e-05 0.00434856103114524
MAP1LC3C 47.5484090385171 -1.4014010907353 0.323444418535165 -4.33274161007958 1.47263909775391e-05 0.00163343981187043
MCEMP1 677.190538312408 -1.91305687535976 0.35087031211848 -5.45231901727203 4.97171613419133e-08 1.65990159122185e-05
MIR200A 4.66664264989663 1.0738518860241 0.28142679885672 3.8157413948727 0.000135774646350741 0.00776254019239198
MIR429 13.0130331683367 0.902177438703671 0.23133354553816 3.89989889535865 9.6232865936227e-05 0.0061149112526334
MLC1 114.097643163808 -1.03236741989306 0.258108566121373 -3.99974102141035 6.34118379080312e-05 0.00447707706372894
MORC1 14.4203649844463 -3.22744730070242 0.671131777657748 -4.80896212658298 1.51715944857642e-06 0.00026568209556173
MRC1 3841.64494148304 -1.05511313460724 0.28179887818301 -3.74420629851483 0.000180964922001317 0.00918872115367419
MROH2A 136.681279754759 -1.54076441032494 0.355828670381005 -4.3300738208508 1.49059363951307e-05 0.00163343981187043
MS4A1 521.385104800016 -1.17909015805636 0.303812976775029 -3.8809736521869 0.000104039112958189 0.00648131616859976
MS4A15 416.30647197668 -2.84057857919024 0.394894707015515 -7.19325564188591 6.32643281122458e-13 2.00999808173764e-09
MT1G 399.081191999305 -0.907421797213029 0.240164690983372 -3.77833141706854 0.000157882676082555 0.00851061290474051
MT1M 248.167197259185 -1.35419440932284 0.283241340870136 -4.78106199173702 1.74371576869396e-06 0.000296032356456135
MUC6 41.5907172726439 -1.20788558766216 0.321378663484196 -3.75844984407796 0.00017096930057475 0.00892572123188365
MYBPC1 119.576548817935 -2.8937275043668 0.4644793044627 -6.23004615397064 4.66297779261894e-10 3.34531051960791e-07
MYCN 220.017331232871 -1.83074329601599 0.325355128866219 -5.62690774968163 1.83468780315778e-08 7.43319145877579e-06
MYOC 24.1935504973556 -2.68383175574316 0.451195566452827 -5.94826712691948 2.70996083204202e-09 1.54537253601576e-06
MYRIP 67.1137835454009 -1.03727918633453 0.274311711124701 -3.78138863295919 0.000155955987327022 0.00846386655331974
MYZAP 147.124590873473 -1.54123737428165 0.293055564483976 -5.25919846291101 1.44684670807171e-07 3.87685190211022e-05
NCAM1 355.397110886252 -1.63727528017453 0.293601675354249 -5.57651886079689 2.45379321086631e-08 9.57251203053602e-06
NDST4 4.28905847498261 -2.90406332863591 0.699797506919196 -4.14986235292667 3.32675266643317e-05 0.0028131931293336
NDUFS8 3956.09743856397 0.367388900216596 0.0921786561793109 3.9856178799345 6.73047527497879e-05 0.00467768031611026
NEFH 206.615686524372 -2.12994177575544 0.317691265485866 -6.70443920608891 2.02181304148527e-11 3.47108828888502e-08
NEFM 89.9522082198564 -2.55395059372981 0.421665315127596 -6.056819240532 1.38839452260314e-09 8.82225548076969e-07
NFE4 22.3004582812625 -2.31653485235366 0.44472603733955 -5.2089031400358 1.89960240099485e-07 4.91246016257273e-05
NIBAN3 67.3644038950242 -1.07569191764112 0.241955775033893 -4.44582038800453 8.75570815053523e-06 0.00106992829268079
NKX6-3 10.5564895989512 -2.02981218424998 0.453800258031971 -4.47291985476786 7.71587024050789e-06 0.000975005421300543
NMUR1 64.3226656158796 -1.06071440075843 0.260528710438467 -4.07139159048251 4.67331108405428e-05 0.0036340712765513
NPFFR2 27.634983988468 -2.86355612661313 0.487676123401698 -5.87183991424248 4.3098482455333e-09 2.22979406350855e-06
NPHS1 16.7771927881389 -1.74746733225937 0.346496113565691 -5.04325233052887 4.57685055577521e-07 0.000106030371208792
NPIPB13 14.3237085892235 1.21227146196763 0.266523243811015 4.54846430890365 5.40388057762613e-06 0.000723989783412079
NPTX2 468.35247904462 -1.64047304629792 0.303639954997916 -5.40269163954122 6.56482598502203e-08 2.05636239305479e-05
NPY 22.5691556312912 -2.824907526082 0.60150623419719 -4.69638943950815 2.64800458039887e-06 0.000403367273068979
NRXN1 219.747857324259 -1.991335352493 0.389795665087838 -5.10866469498644 3.24443529533898e-07 7.88235364736892e-05
NTSR1 25.1565299871806 -1.33798646497593 0.342250415362823 -3.90937864474909 9.25338264521844e-05 0.00598241947760634
NUPR2 56.0636319689139 1.27445494829268 0.318376318829458 4.00298286310471 6.25488344702827e-05 0.00445860922634323
OCA2 195.872095831585 -1.27596945306836 0.331219402003007 -3.85233910016169 0.000116994851496198 0.00701338408969125
OTX2 38.8254469144167 -2.02285588534278 0.484605502700286 -4.17423218281914 2.98992711854402e-05 0.00264843260904469
OVCH1 27.447504289273 -1.99574944379403 0.343685598117175 -5.80690449273235 6.36384126814895e-09 2.94857978757568e-06
P2RX2 24.6476747315589 -1.53207971445604 0.325539305133301 -4.70628182310791 2.52275705067372e-06 0.000392350467181702
PAH 46.9303343474805 -1.63071513597237 0.382010211180751 -4.26877368259873 1.96550564708455e-05 0.00197732798519427
PAK3 81.5106363660971 -1.03956485441055 0.26187450294794 -3.96970626276362 7.1961289484762e-05 0.00492436639428033
PASD1 10.1174530776702 -3.74346865289676 0.637534726192272 -5.8717878400992 4.31120255084837e-09 2.22979406350855e-06
PAX1 53.0254796058192 -1.9204880467399 0.44898533490473 -4.2773959357657 1.89092305573942e-05 0.0019379782838546
PAX2 11.1951889365555 -1.75613378746416 0.441820185899237 -3.97477037833818 7.04471904162872e-05 0.0048506053091586
PCDH18 537.8202029995 -0.621452785050979 0.16396416086167 -3.79017452219497 0.000150541475803569 0.00842914008854546
PCDHGA7 77.6809281428064 -0.928864600146432 0.238973275013825 -3.88689739508611 0.000101533645217993 0.00636086836520611
PCDHGA9 118.012900623173 -1.14539094798232 0.240220305084435 -4.76808547711953 1.85984877174991e-06 0.000309063114265482
PCP4 61.9634043455272 -1.41405300553216 0.344535010038242 -4.10423604084591 4.0565313183412e-05 0.00325694066858874
PDK4 1765.7282080269 -1.14958517682052 0.305400188975579 -3.76419274878854 0.000167087969421057 0.00882668988105536
PENK 532.039125545581 -2.09926324677576 0.401631627025729 -5.22683749365506 1.72433926272679e-07 4.54421072754471e-05
PEX19 3891.43703673029 0.285869682385967 0.0744294716218136 3.8408130026572 0.000122627503869448 0.00721490922237174
PFDN2 3385.83243653697 0.410578541450413 0.109630417044294 3.74511520178315 0.000180311017720751 0.00917646918560528
PFKFB4 1136.322102806 0.609413833092806 0.147056939709216 4.14406715043734 3.41199761587207e-05 0.00286350290479226
PGC 3021.4705030996 -2.10527902308504 0.4411916160418 -4.77180197115436 1.82584977834372e-06 0.000307628023260336
PI16 97.0894722703791 -1.7749002288743 0.356001667062087 -4.98565145360612 6.1753382667546e-07 0.000129909252946851
PIWIL1 9.92482463004877 -2.16135509890244 0.47258935338283 -4.57343163452859 4.79800280700579e-06 0.000662780015079558
PKHD1L1 97.2856288388275 -1.14773018966993 0.299398781329164 -3.83344977081952 0.000126358611843356 0.00739530401946381
PLA2G2A 298.236152901069 -1.56381968907683 0.33217447097186 -4.70782623511519 2.50372383299547e-06 0.000392350467181702
PLPPR5 7.82141109556523 -1.45096250199846 0.387189854454636 -3.747418702492 0.000178663715745761 0.00915548626310075
PNLDC1 248.826025379626 -1.77253558968215 0.409359628450347 -4.33002051617102 1.49095450454e-05 0.00163343981187043
PNMA5 47.9445288466293 -1.73867885969075 0.427740917907315 -4.06479433437672 4.80748353988693e-05 0.00371244562246824
PPBP 55.553837878103 -1.87654358323466 0.40393357305511 -4.64567371570928 3.38968395552906e-06 0.000489523189421859
PRAMENP 18.9271177432729 -1.37263487326778 0.332783348931862 -4.12471019861282 3.71201850725322e-05 0.00306896994800415
PRB4 9.84367663303226 -3.88395552958307 0.851557487282915 -4.56100214910411 5.09100599169291e-06 0.000694625602792947
PRG4 287.274289451437 -1.57231348288434 0.332659373472947 -4.72649685613684 2.28426326982009e-06 0.000365482123171215
PRKCB 778.147192271886 -0.6979549370599 0.186039508408994 -3.75164900740061 0.000175675293198944 0.00906261696178603
PRSS33 5.62732996897477 -1.32139397878229 0.346897094154051 -3.80918145770192 0.000139427607660626 0.00791038263870488
PRSS56 9.17328903463988 -2.46726127738165 0.592553190084184 -4.16378026254677 3.13021378532404e-05 0.00270879200722205
PTPN5 19.6455232679586 -1.29270998617344 0.321919067583012 -4.01563658803805 5.92855509963167e-05 0.00433720609920422
PTPRB 1997.96187515814 -0.958012779545224 0.230190633987086 -4.16182345455015 3.15716400997832e-05 0.00272152432488054
PVALB 47.1264461523898 -1.32624459701655 0.294294498820092 -4.50652187633077 6.58988941711634e-06 0.00086721384992111
PXDNL 80.2029157478969 -0.732303230507401 0.193277677347895 -3.7888660530066 0.000151336478931195 0.00842914008854546
RAB39B 120.493731263827 -0.813639401545791 0.205144129127434 -3.96618418965509 7.30324328631304e-05 0.00496709879778599
RAB3A 176.059875711238 0.492411392544166 0.129119673710221 3.81360468466848 0.000136954474347689 0.00780991669100668
RASSF10 303.968326471535 0.841679588601747 0.225615870684796 3.73058679802558 0.000191034313693593 0.00954742277875397
RBFOX3 23.3426256714266 -1.1565888588959 0.285934740680654 -4.0449399612747 5.2336534951902e-05 0.00395906305214388
RBP2 24.5516331058066 -1.48054574172956 0.315055851348556 -4.69931199624535 2.61039402091929e-06 0.000400380434656862
RELN 196.128068764626 -1.11290623765886 0.263062414604075 -4.23057866071004 2.33090914560621e-05 0.00221427070412459
RET 205.838536572139 -1.05059458521579 0.250740709039672 -4.18996416353584 2.78998513994942e-05 0.00255346788117182
RGS8 11.0577166411706 -1.97366676299632 0.338357224096187 -5.83308592942957 5.4411528009374e-09 2.63067909332278e-06
RHBDL3 176.172630047833 -1.0968339415544 0.282109638656424 -3.88797045991829 0.000101085925460537 0.00635070898938516
RIMBP2 136.718294014138 -1.42632055522995 0.319629482262281 -4.46241862651312 8.10397074046174e-06 0.0010068844093177
RNF150 471.472305332933 -1.14835652296908 0.234672359416808 -4.89344601904929 9.90855010211698e-07 0.000185181642244606
RNF157 287.645026181019 -0.892779837657758 0.214205414364968 -4.16786774650159 3.07462228656255e-05 0.002692110222565
RNF2 1797.79678040382 0.328923784960215 0.0824840816787464 3.98772439803944 6.6710095629507e-05 0.00465088566395058
ROBO4 1415.86343881048 -1.01188043625223 0.231749856292271 -4.36626133211533 1.26391250428276e-05 0.00142825886254649
RORB 96.5063626040174 -1.04688549081181 0.280538348374458 -3.73170191126399 0.000190190478897619 0.0095266582222591
RS1 28.4120906790579 -2.5189785370817 0.383539544395927 -6.56771530833692 5.10931048705229e-11 5.36036055697597e-08
RSPO1 51.4780577946698 -1.58987439336221 0.317833860802152 -5.00221842112627 5.66743257924282e-07 0.000122372524817825
RTKN2 1699.57256312868 -1.52627409835584 0.25733821787268 -5.93100438393094 3.01087173587903e-09 1.67404468514874e-06
RUBCNL 274.70998683221 -0.727955968834985 0.180139568350155 -4.04106646586376 5.32086737757448e-05 0.00401139289753411
SACS 1018.81372510069 -0.444822450233721 0.116329743680149 -3.82380667369792 0.000131406965334585 0.00761065340896137
SALL3 88.3067673753478 -2.73928222057253 0.556887705687534 -4.91891308175067 8.70260998328136e-07 0.000166334028481
SCARA5 255.968635757374 -1.57039277256309 0.358155308793731 -4.38466981782898 1.16161834967528e-05 0.00134554125504053
SCN3B 94.0182288972294 -0.964925789760113 0.247145930386327 -3.90427545479623 9.45080919516863e-05 0.00606877213737639
SCN7A 627.79786979585 -1.30121309240725 0.328347565199601 -3.96291378501998 7.40405252988904e-05 0.00498988267468886
SCUBE1 266.765955524654 -2.10557300384917 0.318602037777517 -6.60878699501447 3.87481761558115e-11 4.81015710597625e-08
SEC14L3 19.6457416934596 -1.57944611786564 0.410525130495156 -3.8473798570153 0.000119387790274721 0.00708692274799875
SEMA3E 298.314626958679 -1.38389158069618 0.334497521452057 -4.13722521676302 3.51531034429208e-05 0.0029281086912755
SEMA3G 646.334557722655 -0.849813627029085 0.223703347886035 -3.79884179230979 0.000145373848430283 0.00818509971921392
SERPINA11 32.1174342119393 -1.54723264204084 0.386002675075573 -4.00834694147628 6.11452477756783e-05 0.00437257334575912
SEZ6 12.4059705035163 -1.62297387640375 0.3041663457959 -5.335810154003 9.51188847086378e-08 2.81987252640819e-05
SEZ6L 53.8424219358469 -1.81971852770465 0.402113395694734 -4.52538648845735 6.02852321419301e-06 0.000802840456788338
SFTPC 109921.640495101 -3.41136509605948 0.638059563708026 -5.34646808870732 8.9687084603001e-08 2.73238460489143e-05
SH3GL2 40.4922701700017 -1.60198378596654 0.372444045603299 -4.30127372118833 1.69819131132994e-05 0.00182453018183468
SHANK1 39.7102027414328 -0.827210463892154 0.218423342762962 -3.78718892142338 0.000152361255197629 0.00842914008854546
SHC4 83.329198246394 0.861289704730022 0.216855365813921 3.97172420196915 7.13543016326477e-05 0.00489790021083359
SHD 9.92760974242006 -1.07031365831033 0.256974220084015 -4.16506238625962 3.11267437088925e-05 0.00270879200722205
SHISA3 101.107518152935 -1.27599389537552 0.33086652272962 -3.85652161133947 0.000115011934146956 0.00695072123757689
SHISA9 232.607741466053 -1.81417803604583 0.463764578403416 -3.91185122911162 9.15913299971894e-05 0.00595611455888155
SHISAL1 165.532045088064 -1.05606573958234 0.258882620615393 -4.07932265623687 4.51671111267203e-05 0.00353703011076852
SIGLEC14 252.573229392693 -0.928907630374277 0.240172439494102 -3.86766954747565 0.000109880427897357 0.00675066496253377
SIRPG-AS1 4.06609727202025 -1.30381665318728 0.303032487548928 -4.30256393871552 1.68832926834209e-05 0.00182273994795768
SLC12A3 16.4666869308239 -0.874661659841483 0.227104093146044 -3.8513689811791 0.00011745936629624 0.007022301899001
SLC14A1 163.311551242134 -2.05933123464038 0.311724882969191 -6.60624591474757 3.94187901368152e-11 4.81015710597625e-08
SLC1A7 72.1153769243284 -0.921945045048961 0.246919859114613 -3.73378248454703 0.00018862541355805 0.00951253786288215
SLC25A48 54.12989983689 -1.28596923388924 0.339349650309751 -3.78951100351934 0.00015094412555802 0.00842914008854546
SLC27A6 53.7378335240238 -1.69128863007572 0.365103518841016 -4.63235368271593 3.61531835567169e-06 0.000512131721211072
SLC30A3 126.749551305986 -1.19466135134614 0.294538092877893 -4.0560504064967 4.99094929658226e-05 0.0037883519575423
SLC5A7 139.09504614168 -2.05591957049656 0.479557264949794 -4.28712006002412 1.81004476223806e-05 0.00186367571815623
SLC6A3 48.7196071579292 -1.4749469166443 0.334388551854827 -4.41087743124843 1.02952584888193e-05 0.00122442004701252
SLC7A9 23.0234116875482 0.974135137535589 0.222119346246481 4.38563841465034 1.15646091302611e-05 0.00134554125504053
SLITRK5 132.823235295919 -1.15249281880645 0.305274486312728 -3.77526740844573 0.000159836105061273 0.00854508407827575
SNAP25 119.326702618423 -0.936213766627711 0.224328983528402 -4.17339637483437 3.00092184118373e-05 0.00264843260904469
SNTG2 20.3701748559467 -1.50854105148138 0.316602072202873 -4.76478577978077 1.89054394770091e-06 0.000309159539682855
SOX11 177.564762766371 -1.94773152418691 0.394346665550779 -4.93913526938674 7.8469766585632e-07 0.000154439611403934
SOX8 57.6540005703817 -1.42633313561173 0.267434258353763 -5.33339724084629 9.63921215579442e-08 2.81987252640819e-05
SP7 5.89295851985267 -1.25463694416054 0.312578302497539 -4.01383248336763 5.97407519604032e-05 0.00434194223398486
SPANXB1 9.11287088064621 -3.31970237307873 0.738242974573826 -4.49676121197785 6.89964013818015e-06 0.000892139515541433
SPATA31C2 2.76300893060369 -2.57848413685409 0.617011803877433 -4.17898672383631 2.92810776354391e-05 0.00264843260904469
SPIB 305.270255401216 -1.39670273021528 0.287999823684105 -4.84966522669565 1.23670018313816e-06 0.000221808161878974
SPIN2A 8.72836406764515 -0.707128208978762 0.189711625254419 -3.72738469785626 0.00019347702590275 0.00962623949905404
SPX 49.0954675411284 -1.23454010470541 0.314819683387339 -3.92141968831883 8.80287886140267e-05 0.00577510400818866
SSTR2 244.988382694238 -1.0983289542111 0.264054144077285 -4.15948387422255 3.18967538214564e-05 0.00273167794187822
STAC2 43.5130358590535 -1.11121875596659 0.259155008002317 -4.28785368468223 1.80407859381784e-05 0.00186367571815623
SULT1C4 170.510084831865 -1.0304288124166 0.253778287640022 -4.06035056032153 4.89990908957217e-05 0.00374481024577612
SULT1E1 230.659013345615 -1.55408515600106 0.363541568718541 -4.27484857228049 1.91267247196806e-05 0.0019391781859807
SULT2A1 1.57820050963542 -2.44615139116934 0.655093509073318 -3.73404919647215 0.000188425663004371 0.00951253786288215
SUSD2 4492.92789614705 -2.1294415987134 0.32119079385235 -6.62983385411816 3.36064920305123e-11 4.67130239224121e-08
SYCE1 7.85105750681075 -1.79602669471626 0.400077170050429 -4.48920065718791 7.14909316700697e-06 0.000919051052221012
SYNJ2-IT1 0.773599080325106 1.35213235074671 0.313346477954702 4.31513498914187 1.59505404537632e-05 0.00173892166515536
SYNPO2 1635.25872178725 -1.05841895044924 0.2530321017517 -4.18294336221363 2.87759099725024e-05 0.00262285343355924
SYT2 151.18670679475 -1.00400702601595 0.25924099838017 -3.87287131391 0.000107560627027348 0.00664641287712097
SYT4 8.71444915265744 -2.43554068899416 0.599452337702254 -4.06294301617002 4.8457862231403e-05 0.00372907562638894
SYT9 47.8823944288822 -1.35809273777889 0.359894420415101 -3.77358653188474 0.000160917369820158 0.00858225972374175
TAC3 12.0502009243516 -1.57474937023662 0.390150884745894 -4.03625733480588 5.43106444759611e-05 0.00406689809139857
TCEAL5 21.1087493276117 -1.57670837004555 0.388686783051812 -4.05650111811333 4.98133241417343e-05 0.0037883519575423
TCF21 393.643072538722 -2.07969318187557 0.310220297890379 -6.70392361821036 2.02896347821517e-11 3.47108828888502e-08
TCL1A 88.4863831978264 -1.23224780550534 0.307145444155857 -4.01193580745432 6.02228775896013e-05 0.00434856103114524
TDRD9 71.8107542612342 -1.21624218756806 0.256280572700281 -4.74574477009013 2.07740528162611e-06 0.000334793430893947
TEK 794.629184073038 -1.27864214535342 0.259598994430193 -4.92545107179624 8.41659698586545e-07 0.00016276966692665
TEX11 22.2546069081282 -1.25709262063353 0.253759178489438 -4.95388039997873 7.27479306626998e-07 0.000145563140558238
TGM4 27.2265562981134 -1.24164156841498 0.291246578811594 -4.26319709395864 2.01522617904334e-05 0.00198312523105858
THBS4 297.585181147773 -1.11080517815753 0.251470293566881 -4.41724214181227 9.99682196419625e-06 0.00120178011072284
THPO 41.0175993901696 -1.39536259856578 0.254204765788485 -5.48912839709232 4.03921935861094e-08 1.4036287271173e-05
TKTL1 111.237415743212 -2.29067512884975 0.464482635126322 -4.93167011125565 8.15295223764099e-07 0.000159054085758891
TLR10 179.252319565029 -0.989338030282922 0.252646277510831 -3.91590186893021 9.00668799149685e-05 0.00587415662553929
TMEM100 713.086697078032 -2.32305749098 0.368650738203059 -6.30151319458478 2.94753684672024e-10 2.34118640968065e-07
TMEM106C 5034.30143575057 0.597563723004159 0.127446537650535 4.6887403457182 2.74891921880136e-06 0.000415890907660832
TMEM130 301.681618138954 -0.939043276470914 0.244459906784934 -3.84129769507377 0.000122385579425686 0.00721490922237174
TMEM134 2447.11182270937 0.390284023690569 0.10479197328914 3.72436944777923 0.000195804006617146 0.00972027032849401
TMEM155 28.4568576481165 -1.23883953636791 0.262586488211716 -4.71783428311464 2.38368530385e-06 0.000378665436840171
TMEM156 241.557259108354 -1.03014459622094 0.246693107525091 -4.17581425989438 2.96922026023339e-05 0.00264843260904469
TMEM191A 174.782063287973 0.916428403333951 0.139386048062768 6.57474988401468 4.87350197230261e-11 5.36036055697597e-08
TMEM213 130.410715305854 -1.92264503209684 0.395592304046374 -4.86016793661247 1.17286217563888e-06 0.000213807006444334
TMOD1 294.436936913142 -1.08270671343436 0.279149871246649 -3.87858575251756 0.000105065491036036 0.00652697352134481
TMSB15A 117.904948579419 -1.27407093560102 0.290848474269775 -4.38053161117587 1.1839011503505e-05 0.00135721451462861
TNN 52.801781495991 -0.919297080579895 0.242730769490089 -3.78731168904167 0.000152286019578029 0.00842914008854546
TNNC1 374.625982594992 -2.01433205170459 0.349454613888754 -5.76421650093262 8.20380501349058e-09 3.64905247000061e-06
TNNT3 185.728586772344 -1.95196430918383 0.324864707430783 -6.00854529450457 1.8719532117809e-09 1.15645109527798e-06
TNR 48.5530456852313 -1.98248001896684 0.35408192871197 -5.59893024243974 2.15678555994997e-08 8.56551979522988e-06
TNXB 1217.95325109672 -1.97471968001378 0.310379826216397 -6.36226814121935 1.98795995136211e-10 1.76848917273173e-07
TREML2 58.0155640055609 -1.01443615710914 0.238718994989769 -4.24949911150814 2.14249058971735e-05 0.00208986801382955
TREML3P 139.313332023123 -1.57563534224691 0.353467830972797 -4.45764848787096 8.28636358015217e-06 0.00102382625568102
TSKS 50.6180613021672 -1.26353461719253 0.307999134682975 -4.10239664631881 4.0889252235191e-05 0.00327114017881528
TSPAN8 580.218218222746 -1.23199202920467 0.288888520608703 -4.26459322997258 2.00266711094418e-05 0.00197952517988438
TSPOAP1-AS1 55.6008953689823 -0.579249888160147 0.148488309023333 -3.90097976042763 9.58041613239826e-05 0.0061149112526334
TSTD1 1688.97048715109 0.634501881507944 0.124326561763354 5.10351024357668 3.33410456535306e-07 7.97317048746795e-05
TTR 3.64657075989545 -2.35558097132414 0.543775554590254 -4.33189934972181 1.47828521540874e-05 0.00163343981187043
TUBA3E 9.24987661027719 -2.02218252945881 0.42955113926842 -4.70766422108168 2.5057139916098e-06 0.000392350467181702
UBE2QL1 204.680406311072 -1.12703665763088 0.290020567150362 -3.88605769826857 0.00010188530049726 0.00636496933443558
UNC5A 48.8966726708477 -0.937302540207229 0.240099111524925 -3.90381511307644 9.46881264239931e-05 0.00606877213737639
VEGFD 353.278469244894 -2.12102317351464 0.343421284664717 -6.17615525952446 6.56813993077793e-10 4.42652824425761e-07
VRTN 3.18765962295059 -2.04887222723039 0.495736675452139 -4.13298496699222 3.58082155529089e-05 0.00297154743991303
VSX1 5.95024400853183 -1.60687930109734 0.394756399600787 -4.07055921758928 4.6900416851265e-05 0.00363437376575656
WIF1 1792.74967091527 -1.87557237918802 0.418969551180287 -4.47663171202851 7.58298932816597e-06 0.00096368961519092
XKR4 29.899055520927 -1.3629962461005 0.350248422535292 -3.89151287601634 9.96211013113584e-05 0.00627641159536717
XKRX 160.597857727299 -0.770057032185484 0.207211896809288 -3.71627809041401 0.000202179050542682 0.00992596486549502
ZBTB16 210.790707300109 -1.50445417863182 0.355564824612398 -4.23116707416667 2.32481903450195e-05 0.00221427070412459
ZC3H12D 160.324123107391 -0.668172249904571 0.175410941698722 -3.80918227468499 0.000139427147005784 0.00791038263870488
ZFHX4-AS1 25.1927407908756 -1.81716704684872 0.484222879422527 -3.75274924847796 0.000174905786211161 0.00906261696178603
ZFR2 27.7173974898212 -1.74594740264565 0.326882283234334 -5.34121147640792 9.23274726419225e-08 2.77481485345454e-05
ZNF536 18.7749957747689 -1.69442506510607 0.415082402330183 -4.08214141479845 4.46226296211272e-05 0.00352018278541464
ZNF560 16.1412562623151 -3.36833698788937 0.505736787979086 -6.66025701106137 2.73349148758503e-11 4.05285671225941e-08
